0.0
0.0
0.0
0.054999999701976776
0.19333332777023315
0.39666667580604553
0.5299999713897705
0.625
0.675000011920929
0.6833333373069763
0.7200000286102295
0.7483333349227905
0.7766666412353516
0.7850000262260437
0.7866666913032532
0.7950000166893005
0.8050000071525574
0.8033333420753479
0.8133333325386047
0.8050000071525574
0.8066666722297668
0.8066666722297668
0.8116666674613953
0.8116666674613953
0.8166666626930237
0.8116666674613953
0.8100000023841858
0.8133333325386047
0.8183333277702332
0.8216666579246521
0.8116666674613953
0.8083333373069763
0.8083333373069763
0.800000011920929
0.8066666722297668
0.8083333373069763
0.8133333325386047
0.8066666722297668
0.8133333325386047
0.8083333373069763
0.8083333373069763
0.8100000023841858
0.8050000071525574
0.8066666722297668
0.8116666674613953
0.8133333325386047
0.8149999976158142
0.8149999976158142
0.8100000023841858
0.8050000071525574
0.8116666674613953
0.8066666722297668
0.8050000071525574
0.8233333230018616
0.8149999976158142
0.8133333325386047
0.8066666722297668
0.8133333325386047
0.8050000071525574
0.8033333420753479
0.8083333373069763
0.8116666674613953
0.8100000023841858
0.8133333325386047
0.8133333325386047
0.8066666722297668
0.8183333277702332
0.8149999976158142
0.8116666674613953
0.8133333325386047
0.8050000071525574
0.8100000023841858
0.8033333420753479
0.8133333325386047
0.8133333325386047
0.8183333277702332
0.8050000071525574
0.8183333277702332
0.8050000071525574
0.8050000071525574
0.8033333420753479
0.8216666579246521
0.8066666722297668
0.8050000071525574
0.8233333230018616
0.8083333373069763
0.8133333325386047
0.8149999976158142
0.824999988079071
0.8133333325386047
0.82833331823349
0.8149999976158142
0.8083333373069763
0.8183333277702332
0.8133333325386047
0.8166666626930237
0.800000011920929
0.8233333230018616
0.8016666769981384
0.8233333230018616