0.12833333015441895
0.24833333492279053
0.28999999165534973
0.2666666805744171
0.3166666626930237
0.3216666579246521
0.41333332657814026
0.43166667222976685
0.5016666650772095
0.5316666960716248
0.574999988079071
0.5766666531562805
0.5950000286102295
0.6083333492279053
0.6183333396911621
0.6399999856948853
0.6399999856948853
0.628333330154419
0.6066666841506958
0.6349999904632568
0.6566666960716248
0.6266666650772095
0.6183333396911621
0.6316666603088379
0.6516666412353516
0.6383333206176758
0.6349999904632568
0.6349999904632568
0.6549999713897705
0.6650000214576721
0.6883333325386047
0.6633333563804626
0.675000011920929
0.6566666960716248
0.67166668176651
0.6899999976158142
0.675000011920929
0.6983333230018616
0.6883333325386047
0.7066666483879089
0.7066666483879089
0.6833333373069763
0.6733333468437195
0.6833333373069763
0.6766666769981384
0.699999988079071
0.6933333277702332
0.6916666626930237
0.6933333277702332
0.6833333373069763
0.6949999928474426
0.7149999737739563
0.6899999976158142
0.6616666913032532
0.6650000214576721
0.6866666674613953
0.6816666722297668
0.6650000214576721
0.7166666388511658
0.6866666674613953
0.6433333158493042
0.67166668176651
0.6666666865348816
0.6899999976158142
0.6700000166893005
0.6816666722297668
0.7149999737739563
0.6866666674613953
0.6816666722297668
0.7049999833106995
0.6933333277702332
0.7049999833106995
0.6966666579246521
0.7133333086967468
0.6966666579246521
0.6766666769981384
0.7016666531562805
0.6833333373069763
0.6800000071525574
0.6800000071525574
0.6683333516120911
0.6683333516120911
0.6633333563804626
0.7049999833106995
0.6700000166893005
0.7016666531562805
0.6949999928474426
0.7066666483879089
0.6600000262260437
0.6666666865348816
0.6966666579246521
0.6516666412353516
0.6733333468437195
0.699999988079071
0.6966666579246521
0.6883333325386047
0.6616666913032532
0.6949999928474426
0.6983333230018616
0.6916666626930237
