0.0
0.03500000014901161
0.14666666090488434
0.3100000023841858
0.46666666865348816
0.5766666531562805
0.6333333253860474
0.6916666626930237
0.7300000190734863
0.7483333349227905
0.7616666555404663
0.753333330154419
0.778333306312561
0.7799999713897705
0.7850000262260437
0.79666668176651
0.7933333516120911
0.7950000166893005
0.79666668176651
0.79666668176651
0.79666668176651
0.7950000166893005
0.8016666769981384
0.8066666722297668
0.8033333420753479
0.8033333420753479
0.8016666769981384
0.8050000071525574
0.8133333325386047
0.8100000023841858
0.8116666674613953
0.8133333325386047
0.8133333325386047
0.8066666722297668
0.8149999976158142
0.8116666674613953
0.8166666626930237
0.8100000023841858
0.8100000023841858
0.8166666626930237
0.8133333325386047
0.8216666579246521
0.8133333325386047
0.8149999976158142
0.8149999976158142
0.8216666579246521
0.8199999928474426
0.8183333277702332
0.8149999976158142
0.8133333325386047
0.8166666626930237
0.8149999976158142
0.8183333277702332
0.8183333277702332
0.8216666579246521
0.8199999928474426
0.8166666626930237
0.8116666674613953
0.8216666579246521
0.8149999976158142
0.8133333325386047
0.8149999976158142
0.8149999976158142
0.8233333230018616
0.8166666626930237
0.8166666626930237
0.8149999976158142
0.8166666626930237
0.8116666674613953
0.8116666674613953
0.8199999928474426
0.8050000071525574
0.8083333373069763
0.8083333373069763
0.8133333325386047
0.8183333277702332
0.8133333325386047
0.8166666626930237
0.8149999976158142
0.8233333230018616
0.8133333325386047
0.8166666626930237
0.8166666626930237
0.8233333230018616
0.8166666626930237
0.8233333230018616
0.8166666626930237
0.8233333230018616
0.8216666579246521
0.8233333230018616
0.8216666579246521
0.8116666674613953
0.8199999928474426
0.824999988079071
0.824999988079071
0.8166666626930237
0.824999988079071
0.8133333325386047
0.824999988079071
0.8216666579246521